timestamps:
  login: 1399322395706
  kits:
    coins: 1399170583668
    starter: 1398220209594
  logout: 1399322893316
  lastteleport: 1399322883716
ipAddress: 75.166.87.166
lastlocation:
  world: Python
  x: 54.44089414550899
  y: 64.0
  z: -190.9841704250561
  yaw: -49.005615
  pitch: 11.850004
logoutlocation:
  world: Python
  x: -195.47074731197375
  y: 71.0
  z: 237.5170693556015
  yaw: -68.671936
  pitch: 8.100056
homes:
  home:
    world: Python
    x: -189.95572882012706
    y: 71.0
    z: 240.68539343012702
    yaw: -260.22192
    pitch: 21.600056
  cat:
    world: Python
    x: -235.5
    y: 66.0
    z: 1530.5
    yaw: -188.67065
    pitch: 74.85
  back:
    world: Python
    x: -592.8296506153561
    y: 71.0
    z: -178.36251648298622
    yaw: -103.7558
    pitch: -58.800003
  meadow:
    world: Python
    x: -1169.9813080119611
    y: 67.0
    z: 1216.1654733644489
    yaw: -3.4224243
    pitch: 10.799953
  nether:
    world: DIM-1
    x: -87.01539078073708
    y: 54.0
    z: -61.57334795442115
    yaw: -162.42273
    pitch: -1.8000379
afk: false
