timestamps:
  login: 1399507806963
  kits:
    coins: 1399504719784
    starter: 1398220209594
  logout: 1399517083186
  lastteleport: 1399516931589
ipAddress: 75.166.79.130
lastlocation:
  world: Python
  x: -878.6613435448971
  y: 69.0
  z: 24.572844529899626
  yaw: -164.07208
  pitch: 13.2001
logoutlocation:
  world: Python
  x: -67.82498212941988
  y: 71.0
  z: 252.29514518728715
  yaw: -91.92189
  pitch: 20.250053
homes:
  home:
    world: Python
    x: -189.95572882012706
    y: 71.0
    z: 240.68539343012702
    yaw: -260.22192
    pitch: 21.600056
  cat:
    world: Python
    x: -235.5
    y: 66.0
    z: 1530.5
    yaw: -188.67065
    pitch: 74.85
  back:
    world: Python
    x: -187.65015267145603
    y: 11.0
    z: 752.2740916353961
    yaw: -177.12079
    pitch: 21.000015
  meadow:
    world: Python
    x: -630.0335772089428
    y: 79.0
    z: 80.06052845872732
    yaw: -331.9231
    pitch: 26.999996
  nether:
    world: DIM-1
    x: -87.01539078073708
    y: 54.0
    z: -61.57334795442115
    yaw: -162.42273
    pitch: -1.8000379
afk: false
