timestamps:
  login: 1398395334398
  kits:
    coins: 1398389477594
    starter: 1398220209594
  logout: 1398395324869
  lastteleport: 1398395953107
ipAddress: 75.166.83.162
lastlocation:
  world: Python
  x: -94.90984509270531
  y: 65.0
  z: 289.93572107454884
  yaw: 92.12719
  pitch: 12.00001
logoutlocation:
  world: Python
  x: -61.777556152020665
  y: 69.53584062504456
  z: 313.5295382822931
  yaw: -89.52282
  pitch: 4.6499977
homes:
  home:
    world: Python
    x: -189.95572882012706
    y: 71.0
    z: 240.68539343012702
    yaw: -260.22192
    pitch: 21.600056
