timestamps:
  login: 1398222364495
  kits:
    starter: 1398220209594
  logout: 1398221516912
ipAddress: 75.166.83.162
lastlocation:
  world: Python
  x: -65.5
  y: 81.0
  z: 298.5
  yaw: 0.0
  pitch: 0.0
logoutlocation:
  world: Python
  x: -182.69999998807907
  y: 72.0
  z: 249.30000001192096
  yaw: -2.3729837
  pitch: 5.400008
