timestamps:
  login: 1400043141624
  lastteleport: 1400044534945
  logout: 1400044934910
ipAddress: 75.166.79.130
lastlocation:
  world: Python
  x: 345.67279357417084
  y: 73.97805203600313
  z: 66.13354586687701
  yaw: 67.35055
  pitch: 8.850079
logoutlocation:
  world: Python
  x: -202.53309490247028
  y: 78.0
  z: 268.6235878500929
  yaw: 89.1001
  pitch: -7.3499985
