timestamps:
  login: 1399765039461
  kits:
    coins: 1399689697396
    starter: 1398220209594
  logout: 1399765940361
  lastteleport: 1399763423704
  mute: 0
ipAddress: 75.166.79.130
lastlocation:
  world: Python
  x: -214.25564375419202
  y: 71.0
  z: 276.4026721717004
  yaw: -194.672
  pitch: 1.6500218
logoutlocation:
  world: Python
  x: -214.49339171085822
  y: 71.0
  z: 255.8683267453474
  yaw: 358.2273
  pitch: 6.449992
homes:
  home:
    world: Python
    x: -205.78631918105486
    y: 71.0
    z: 277.2500269963738
    yaw: -188.07193
    pitch: 21.000004
  cat:
    world: Python
    x: -204.94436170838998
    y: 71.0
    z: 277.67565433374807
    yaw: -76.02194
    pitch: 17.550056
  back:
    world: Python
    x: -187.32841020437817
    y: 11.0
    z: 1161.319925265982
    yaw: -195.72064
    pitch: -5.249983
  meadow:
    world: Python
    x: -630.0335772089428
    y: 79.0
    z: 80.06052845872732
    yaw: -331.9231
    pitch: 26.999996
  nether:
    world: DIM-1
    x: -2.6316024061813277
    y: 83.0
    z: -190.6007140256071
    yaw: -197.82248
    pitch: 13.949991
afk: false
muted: false
