timestamps:
  login: 1398910419175
  kits:
    coins: 1398729334690
    starter: 1398220209594
  logout: 1398908410906
  lastteleport: 1398911097553
ipAddress: 75.166.83.162
lastlocation:
  world: Python
  x: 300.30000001192093
  y: 60.0
  z: 166.30000001192093
  yaw: -19.472778
  pitch: 18.44999
logoutlocation:
  world: Python
  x: -188.79653295078444
  y: 71.0
  z: 244.27630950493722
  yaw: -40.921143
  pitch: 8.249987
homes:
  home:
    world: Python
    x: -189.95572882012706
    y: 71.0
    z: 240.68539343012702
    yaw: -260.22192
    pitch: 21.600056
