timestamps:
  login: 1400397865567
  kits:
    coins: 1399689697396
    starter: 1398220209594
  logout: 1399949757986
  lastteleport: 1400399594200
  mute: 0
ipAddress: 75.166.79.130
lastlocation:
  world: Python
  x: -208.2557253131071
  y: 71.0
  z: 277.4968519841159
  yaw: -108.87195
  pitch: -8.69999
logoutlocation:
  world: Python
  x: -212.90023258289636
  y: 71.0
  z: 278.3816364290602
  yaw: -13.4719095
  pitch: 23.40001
homes:
  home:
    world: Python
    x: -205.78631918105486
    y: 71.0
    z: 277.2500269963738
    yaw: -188.07193
    pitch: 21.000004
  cat:
    world: Python
    x: -204.94436170838998
    y: 71.0
    z: 277.67565433374807
    yaw: -76.02194
    pitch: 17.550056
  back:
    world: Python
    x: -187.32841020437817
    y: 11.0
    z: 1161.319925265982
    yaw: -195.72064
    pitch: -5.249983
  meadow:
    world: Python
    x: -630.0335772089428
    y: 79.0
    z: 80.06052845872732
    yaw: -331.9231
    pitch: 26.999996
  nether:
    world: DIM-1
    x: -2.6316024061813277
    y: 83.0
    z: -190.6007140256071
    yaw: -197.82248
    pitch: 13.949991
afk: false
muted: false
