timestamps:
  login: 1401737955970
  lastteleport: 1401739634532
  logout: 1401739926934
  kits:
    coins: 1401730993968
    starter: 1401320290587
ipAddress: 174.29.59.87
lastlocation:
  world: Python
  x: -268.62746739747814
  y: 66.0
  z: 266.98790056865414
  yaw: -130.19998
  pitch: -41.54998
homes:
  home:
    world: Python
    x: -214.5624585266716
    y: 71.0
    z: 259.49765606813395
    yaw: 355.05008
    pitch: 13.350001
  bore:
    world: Python
    x: -211.25112450550517
    y: 11.0
    z: 264.30000001192093
    yaw: 24.450195
    pitch: 12.900014
  end:
    world: Python
    x: -463.027451448584
    y: 43.0
    z: 761.2776369839651
    yaw: -263.3994
    pitch: 32.25
  back:
    world: DIM-1
    x: 973.4560246516319
    y: 66.0
    z: 334.3470909882781
    yaw: -255.74994
    pitch: 8.399992
  nether:
    world: DIM-1
    x: 871.6104562013443
    y: 63.0
    z: 51.11449657025665
    yaw: 2.400028
    pitch: 14.099991
logoutlocation:
  world: Python
  x: -210.56490558056456
  y: 71.0
  z: 259.77911749075895
  yaw: 95.10016
  pitch: 13.950005
