timestamps:
  login: 1399164055124
  lastteleport: 1399164575250
  logout: 1399165762717
ipAddress: 76.93.219.120
lastlocation:
  world: Python
  x: 36.12356051589059
  y: 62.71221224781884
  z: 433.63711412133546
  yaw: 199.83325
  pitch: 17.849995
logoutlocation:
  world: Python
  x: 123.75056820437621
  y: 63.0
  z: 509.30820273013865
  yaw: -105.26672
  pitch: 16.79999
homes:
  home:
    world: Python
    x: -207.42111864548997
    y: 65.0
    z: 85.1792551327394
    yaw: -177.12646
    pitch: 2.0999765
