timestamps:
  login: 1399361173406
  lastteleport: 1399365259101
  logout: 1399365322590
ipAddress: 76.93.219.120
lastlocation:
  world: Python
  x: -1599.4795449188707
  y: 79.0
  z: -963.552826752691
  yaw: 148.06897
  pitch: -2.5500834
logoutlocation:
  world: Python
  x: -1653.3080041084313
  y: 55.0
  z: -228.33756705929252
  yaw: 355.07666
  pitch: 27.75001
homes:
  home:
    world: Python
    x: -207.42111864548997
    y: 65.0
    z: 85.1792551327394
    yaw: -177.12646
    pitch: 2.0999765
  swampy:
    world: Python
    x: -1642.669037711005
    y: 63.0
    z: -235.66300584516947
    yaw: 188.57762
    pitch: 30.00004
