timestamps:
  login: 1400398317298
  lastteleport: 1400399581750
  logout: 1400399862328
ipAddress: 76.93.219.120
lastlocation:
  world: Python
  x: -35.952882591271724
  y: 68.0
  z: 315.5367707063673
  yaw: 101.7273
  pitch: 1.049996
logoutlocation:
  world: Python
  x: -1637.6629671024727
  y: 63.0
  z: -233.97069269773004
  yaw: 65.72739
  pitch: 10.94997
homes:
  home:
    world: Python
    x: -207.42111864548997
    y: 65.0
    z: 85.1792551327394
    yaw: -177.12646
    pitch: 2.0999765
  swampy:
    world: Python
    x: -1642.669037711005
    y: 63.0
    z: -235.66300584516947
    yaw: 188.57762
    pitch: 30.00004
