timestamps:
  login: 1398482607069
  lastteleport: 1398485251434
  logout: 1398491476525
ipAddress: 76.93.219.120
lastlocation:
  world: Python
  x: -193.64151683358557
  y: 64.0
  z: 65.22738386406338
  yaw: 121.03733
  pitch: -6.899957
logoutlocation:
  world: Python
  x: -212.94870379273135
  y: 64.0
  z: 64.56515768916796
  yaw: -342.42645
  pitch: 27.599974
