timestamps:
  login: 1399163965720
  lastteleport: 1399165965959
  logout: 1399098292667
  kits:
    coins: 1399164488235
    firework: 1399094518366
    starter: 1397946494131
ipAddress: 73.181.66.83
logoutlocation:
  world: Python
  x: -234.1347552118338
  y: 89.0
  z: 433.3879870875141
  yaw: 208.07794
  pitch: 22.799957
lastlocation:
  world: Python
  x: -649.95965281569
  y: 56.0
  z: 98.84212642316993
  yaw: -231.30151
  pitch: 26.399992
afk: false
homes:
  home:
    world: Python
    x: -225.0668950118001
    y: 89.0
    z: 445.4699862588065
    yaw: -164.67224
    pitch: 10.049993
  village:
    world: Python
    x: -187.42040183804264
    y: 64.0
    z: 1558.2616084733222
    yaw: -103.32608
    pitch: 16.800003
  nodes:
    world: Python
    x: 153.3421216387493
    y: 66.0
    z: 133.0425284755558
    yaw: -158.07297
    pitch: 12.45001
  mine:
    world: Python
    x: -68.53454122928093
    y: 13.0
    z: 502.7563963417929
    yaw: -269.9724
    pitch: 9.75004
