timestamps:
  login: 1399491130454
  lastteleport: 1399443054220
  logout: 1399491282419
  kits:
    coins: 1399164488235
    firework: 1399094518366
    starter: 1397946494131
ipAddress: 73.181.66.83
logoutlocation:
  world: Python
  x: -230.51043633385893
  y: 89.0
  z: 440.9400606417163
  yaw: 23.727715
  pitch: 26.850042
lastlocation:
  world: Python
  x: -185.24323705650832
  y: 70.0
  z: 455.84568385815123
  yaw: -267.87302
  pitch: 21.300022
afk: false
homes:
  home:
    world: Python
    x: -225.0668950118001
    y: 89.0
    z: 445.4699862588065
    yaw: -164.67224
    pitch: 10.049993
  village:
    world: Python
    x: -187.42040183804264
    y: 64.0
    z: 1558.2616084733222
    yaw: -103.32608
    pitch: 16.800003
  nodes:
    world: Python
    x: 153.3421216387493
    y: 66.0
    z: 133.0425284755558
    yaw: -158.07297
    pitch: 12.45001
  mine:
    world: Python
    x: -68.53454122928093
    y: 13.0
    z: 502.7563963417929
    yaw: -269.9724
    pitch: 9.75004
  austen:
    world: Python
    x: -212.615166765507
    y: 67.0
    z: 245.98091661714466
    yaw: -106.62271
    pitch: 3.2999187
