timestamps:
  login: 1400032408853
  lastteleport: 1400032525835
ipAddress: 73.181.66.83
lastlocation:
  world: Python
  x: -1654.1049653727196
  y: 55.0
  z: -226.80312991770214
  yaw: -278.37045
  pitch: 27.300034
