timestamps:
  login: 1399406341667
  lastteleport: 1399410546007
  logout: 1399411293569
  kits:
    coins: 1399164488235
    firework: 1399094518366
    starter: 1397946494131
ipAddress: 73.181.66.83
logoutlocation:
  world: Python
  x: -232.03277973206494
  y: 89.5
  z: 434.37228466668506
  yaw: -20.671936
  pitch: 14.6999855
lastlocation:
  world: Python
  x: -178.693223199201
  y: 80.0
  z: 254.6692408595528
  yaw: -30.122765
  pitch: 26.54992
afk: false
homes:
  home:
    world: Python
    x: -225.0668950118001
    y: 89.0
    z: 445.4699862588065
    yaw: -164.67224
    pitch: 10.049993
  village:
    world: Python
    x: -187.42040183804264
    y: 64.0
    z: 1558.2616084733222
    yaw: -103.32608
    pitch: 16.800003
  nodes:
    world: Python
    x: 153.3421216387493
    y: 66.0
    z: 133.0425284755558
    yaw: -158.07297
    pitch: 12.45001
  mine:
    world: Python
    x: -68.53454122928093
    y: 13.0
    z: 502.7563963417929
    yaw: -269.9724
    pitch: 9.75004
  austen:
    world: Python
    x: -212.615166765507
    y: 67.0
    z: 245.98091661714466
    yaw: -106.62271
    pitch: 3.2999187
