timestamps:
  login: 1398395912524
  lastteleport: 1398395692626
  logout: 1398298395784
  kits:
    coins: 1398394168737
    starter: 1397946494131
    firework: 1398049576771
ipAddress: 73.181.66.83
logoutlocation:
  world: Python
  x: -54.60733565939799
  y: 70.0
  z: 240.98196174724407
  yaw: -290.67328
  pitch: 60.000015
lastlocation:
  world: Python
  x: -205.71903350503484
  y: 64.0
  z: 324.82241115958044
  yaw: -100.16382
  pitch: 9.899926
afk: false
homes:
  home:
    world: Python
    x: -225.3805868841377
    y: 88.0
    z: 465.3657730663161
    yaw: -264.4221
    pitch: 7.949981
