timestamps:
  login: 1401136691239
  lastteleport: 1401143301857
  logout: 1401136603077
  kits:
    coins: 1401137141441
ipAddress: 73.181.66.83
lastlocation:
  world: Python
  x: -540.3579260640265
  y: 63.0
  z: -299.3262338896252
  yaw: -189.1222
  pitch: 35.699986
homes:
  home:
    world: Python
    x: -228.21197802354362
    y: 89.0
    z: 443.68435706222823
    yaw: -209.22247
    pitch: 14.69997
  austen:
    world: Python
    x: -183.26157775551087
    y: 71.0
    z: 256.76254738467867
    yaw: -97.022
    pitch: 6.599964
  chad:
    world: Python
    x: -639.6565170014063
    y: 65.0
    z: 92.62609744636244
    yaw: 267.92755
    pitch: 11.100022
logoutlocation:
  world: Python
  x: -56.5
  y: 68.0
  z: 318.5
  yaw: -88.62282
  pitch: 19.649998
afk: false
