timestamps:
  login: 1399920988465
  lastteleport: 1399921428597
  logout: 1399753578210
  kits:
    coins: 1399526996957
    starter: 1397946494131
    firework: 1399094518366
ipAddress: 73.181.66.83
logoutlocation:
  world: Python
  x: -62.54274561039865
  y: 69.5
  z: 313.3422331378072
  yaw: -94.172
  pitch: 16.200073
lastlocation:
  world: Python
  x: -189.09004834162673
  y: 71.0
  z: 235.38930748848531
  yaw: -109.17258
  pitch: 31.199911
afk: false
homes:
  home:
    world: Python
    x: -225.0668950118001
    y: 89.0
    z: 445.4699862588065
    yaw: -164.67224
    pitch: 10.049993
  village:
    world: Python
    x: -187.42040183804264
    y: 64.0
    z: 1558.2616084733222
    yaw: -103.32608
    pitch: 16.800003
  nodes:
    world: Python
    x: 153.3421216387493
    y: 66.0
    z: 133.0425284755558
    yaw: -158.07297
    pitch: 12.45001
  mine:
    world: Python
    x: -68.53454122928093
    y: 13.0
    z: 502.7563963417929
    yaw: -269.9724
    pitch: 9.75004
  austen:
    world: Python
    x: -212.615166765507
    y: 67.0
    z: 245.98091661714466
    yaw: -106.62271
    pitch: 3.2999187
