timestamps:
  login: 1401681764925
  lastteleport: 1401679996384
  logout: 1401682583385
  kits:
    coins: 1401137141441
ipAddress: 73.181.66.83
lastlocation:
  world: Python
  x: -6.829119322810033
  y: 62.0
  z: 299.6520434752059
  yaw: -89.66995
  pitch: 50.850002
homes:
  home:
    world: Python
    x: -228.21197802354362
    y: 89.0
    z: 443.68435706222823
    yaw: -209.22247
    pitch: 14.69997
  austen:
    world: Python
    x: -183.26157775551087
    y: 71.0
    z: 256.76254738467867
    yaw: -97.022
    pitch: 6.599964
  chad:
    world: Python
    x: -639.6565170014063
    y: 65.0
    z: 92.62609744636244
    yaw: 267.92755
    pitch: 11.100022
logoutlocation:
  world: Python
  x: -229.67582907568797
  y: 89.0
  z: 437.5496226364612
  yaw: 224.42676
  pitch: 13.650214
afk: false
