timestamps:
  login: 1398221634907
  lastteleport: 1398216254887
  logout: 1398217131677
  kits:
    coins: 1398216273392
    starter: 1397946494131
    firework: 1398049576771
ipAddress: 73.181.66.83
logoutlocation:
  world: Python
  x: -54.29631893375529
  y: 68.0
  z: 313.24039309855493
  yaw: -80.072266
  pitch: 9.60003
lastlocation:
  world: Python
  x: -289.6999999880792
  y: 69.0
  z: 309.4681546334085
  yaw: -188.68042
  pitch: 16.80003
afk: false
