timestamps:
  login: 1398831681996
  lastteleport: 1398841595599
  logout: 1398842149639
  kits:
    coins: 1398822905002
    starter: 1397946494131
    firework: 1398049576771
ipAddress: 73.181.66.83
logoutlocation:
  world: Python
  x: -225.91023794457112
  y: 89.0
  z: 436.5027016142518
  yaw: -136.47241
  pitch: -4.349959
lastlocation:
  world: Python
  x: -39.97359302513104
  y: 13.0
  z: 201.36577463050784
  yaw: 81.77564
  pitch: -1.0500407
afk: false
homes:
  home:
    world: Python
    x: -225.0668950118001
    y: 89.0
    z: 445.4699862588065
    yaw: -164.67224
    pitch: 10.049993
  village:
    world: Python
    x: -187.42040183804264
    y: 64.0
    z: 1558.2616084733222
    yaw: -103.32608
    pitch: 16.800003
  nodes:
    world: Python
    x: 153.3421216387493
    y: 66.0
    z: 133.0425284755558
    yaw: -158.07297
    pitch: 12.45001
