timestamps:
  lastteleport: 1401138596355
  logout: 1401138662390
  login: 1401142827336
lastlocation:
  world: Python
  x: -68.5
  y: 66.0
  z: 250.5
  yaw: -180.12288
  pitch: 16.349995
homes:
  homeone:
    world: Python
    x: -68.40697358227197
    y: 66.0
    z: 250.60811052238088
    yaw: -180.12288
    pitch: 16.349995
  hometwo:
    world: Python
    x: -68.50640781600669
    y: 66.0
    z: 243.815262549152
    yaw: -180.12288
    pitch: 16.349995
logoutlocation:
  world: Python
  x: -68.3737962723807
  y: 66.0
  z: 247.93581572839952
  yaw: -209.07321
  pitch: 48.90003
ipAddress: 192.168.0.5
