timestamps:
  login: 1399950909669
  logout: 1399951351964
  kits:
    coins: 1399150275673
    starter: 1398302831040
    firework: 1398394220863
  lastteleport: 1399951317301
ipAddress: 192.168.0.5
logoutlocation:
  world: Python
  x: -7.6814846334585365
  y: 71.0
  z: 304.4749651784936
  yaw: -0.87293416
  pitch: 25.649986
lastlocation:
  world: Python
  x: -648.3573656378397
  y: 56.0
  z: 89.60966470575357
  yaw: -92.69849
  pitch: 31.350065
homes:
  hometwo:
    world: Python
    x: -637.6655734817984
    y: 65.0
    z: 92.12462193765462
    yaw: 261.45004
    pitch: 20.400085
  homethree:
    world: Python
    x: -636.0127972771614
    y: 64.0
    z: 83.97518921918365
    yaw: 261.45004
    pitch: 20.250086
  homeone:
    world: Python
    x: -68.60456644044962
    y: 66.0
    z: 248.57372228731305
    yaw: -4.172313
    pitch: 12.750024
