timestamps:
  lastteleport: 1401737650114
  logout: 1401766226454
  login: 1401766632002
  kits:
    coins: 1401310916779
lastlocation:
  world: Python
  x: -403.27129079235266
  y: 74.0
  z: 142.3373325141097
  yaw: 268.6508
  pitch: 23.549856
homes:
  homeone:
    world: Python
    x: -648.154659106675
    y: 56.0
    z: 91.7724592014888
    yaw: -183.44635
    pitch: 29.99983
  hometwo:
    world: Python
    x: -68.50640781600669
    y: 66.0
    z: 243.815262549152
    yaw: -180.12288
    pitch: 16.349995
  homethree:
    world: Python
    x: -403.35216881488213
    y: 74.0
    z: 144.21366857943335
    yaw: 88.65052
    pitch: 33.14984
logoutlocation:
  world: Python
  x: -8.745089677968185
  y: 58.0
  z: 293.5778543551617
  yaw: -182.84392
  pitch: 14.399719
ipAddress: 73.181.66.83
