timestamps:
  login: 1399247999698
  logout: 1399250793202
  kits:
    coins: 1399150275673
    starter: 1398302831040
    firework: 1398394220863
  lastteleport: 1399250655152
ipAddress: 192.168.0.5
logoutlocation:
  world: Python
  x: -648.8106468681905
  y: 56.0
  z: 89.34632541187794
  yaw: -350.40067
  pitch: 10.500041
lastlocation:
  world: Python
  x: -69.52908805173973
  y: 66.0
  z: 244.68600133107572
  yaw: 33.47772
  pitch: 7.500047
homes:
  hometwo:
    world: Python
    x: -637.6655734817984
    y: 65.0
    z: 92.12462193765462
    yaw: 261.45004
    pitch: 20.400085
  homethree:
    world: Python
    x: -636.0127972771614
    y: 64.0
    z: 83.97518921918365
    yaw: 261.45004
    pitch: 20.250086
  homeone:
    world: Python
    x: -68.60456644044962
    y: 66.0
    z: 248.57372228731305
    yaw: -4.172313
    pitch: 12.750024
