timestamps:
  login: 1398900278027
  logout: 1398907101922
  kits:
    coins: 1398743411578
    starter: 1398302831040
    firework: 1398394220863
  lastteleport: 1398907088323
ipAddress: 192.168.0.5
logoutlocation:
  world: Python
  x: -69.3583531344396
  y: 66.0
  z: 245.46942945475152
  yaw: -259.8
  pitch: 11.550017
lastlocation:
  world: Python
  x: -37.48023087885193
  y: 68.0
  z: 313.9279914433232
  yaw: 112.22727
  pitch: 7.9500065
