timestamps:
  login: 1398004081787
  logout: 1398004836793
ipAddress: 192.168.0.5
logoutlocation:
  world: Python
  x: -50.456431613102424
  y: 68.0
  z: 298.30000001192093
  yaw: -21.305267
  pitch: 6.3000164
