timestamps:
  login: 1399164043344
  logout: 1399154601462
  kits:
    coins: 1399150275673
    starter: 1398302831040
    firework: 1398394220863
  lastteleport: 1399165298367
ipAddress: 192.168.0.5
logoutlocation:
  world: Python
  x: -646.3000000119209
  y: 56.0
  z: 92.5281435933873
  yaw: 112.20093
  pitch: 24.000053
lastlocation:
  world: Python
  x: -66.92585162062375
  y: 66.0
  z: 244.84516459002975
  yaw: -195.4224
  pitch: 22.65002
homes:
  hometwo:
    world: Python
    x: -637.6655734817984
    y: 65.0
    z: 92.12462193765462
    yaw: 261.45004
    pitch: 20.400085
  homethree:
    world: Python
    x: -636.0127972771614
    y: 64.0
    z: 83.97518921918365
    yaw: 261.45004
    pitch: 20.250086
  homeone:
    world: Python
    x: -68.60456644044962
    y: 66.0
    z: 248.57372228731305
    yaw: -4.172313
    pitch: 12.750024
