timestamps:
  login: 1399842188290
  logout: 1399846332132
  kits:
    coins: 1399150275673
    starter: 1398302831040
    firework: 1398394220863
  lastteleport: 1399846321778
ipAddress: 192.168.0.5
logoutlocation:
  world: Python
  x: -76.5
  y: 68.0
  z: 313.5
  yaw: -89.52282
  pitch: 19.649998
lastlocation:
  world: Python
  x: -7.428549166486209
  y: 68.0
  z: 313.56775607911385
  yaw: -182.6665
  pitch: -21.300312
homes:
  hometwo:
    world: Python
    x: -637.6655734817984
    y: 65.0
    z: 92.12462193765462
    yaw: 261.45004
    pitch: 20.400085
  homethree:
    world: Python
    x: -636.0127972771614
    y: 64.0
    z: 83.97518921918365
    yaw: 261.45004
    pitch: 20.250086
  homeone:
    world: Python
    x: -68.60456644044962
    y: 66.0
    z: 248.57372228731305
    yaw: -4.172313
    pitch: 12.750024
