spawns: 
  default: 
    world: Python
    x: -76.31722183521943
    y: 68.0
    z: 313.5572405975735
    yaw: -88.62282
    pitch: 19.649998
