spawns: 
  default: 
    world: Python
    x: -78.69814915885222
    y: 68.0
    z: 313.289206536146
    yaw: -88.6228
    pitch: 16.800013
